Gavin Garner
Array:
  -56   -47   -43   -27   -27   -24   -14    -3 
   -2     1     2     5     7     8     8     9 
   11    12    15    16    16    17    20    20 
   23    23    27    27    27    28    28    32 
   32    34    35    35    37    42    42    42 
   42    42    45    45    45    45    45    45 
   46    46    51    51    52    53    55    55 
   56    62    64    66    66    72    72    72 
   72    72    72    72    72    73    73    73 
   73    78    79    82    82    82    82    82 
   82    83    83    84    85    86    87    87 
   87    88    89    93    95    97    99    99 
   99   100   101 

Number of elements: 99
Mean: 47.2
Median: 51.0
Mode: 72
Reverse 32:
  101   100    99    99    99    97    95    93 
   89    88    87    87    87    86    85    84 
   83    83    82    82    82    82    82    82 
   79    78    73    73    73    73    72    72 
Array:
  120   120   142   142   173   256   267   283 
  283   283   289   294   316   325   325   334 
  370   370   370   396   396   396   422   446 
  446   446   448   448   448   448   481   540 
  540   551   629   629   632   642   664   671 
  671   671   674   677   677   704   704   704 
  704   704   704   705   705   707   718   718 
  718   718   756   756   774   774   774   774 
  833   871   871   871   894   894   894   930 
  930   934   934   948   948   962   962   962 
  966   966   966   966   966   967   967   978 
  997 

Number of elements: 89
Mean: 633.1
Median: 704.0
Mode: 704
Reverse 32:
  997   978   967   967   966   966   966   966 
  966   962   962   962   948   948   934   934 
  930   930   894   894   894   871   871   871 
  833   774   774   774   774   756   756   718 
Array:
 6339 11478 12320 13933 13980 14773 14773 14773 
14773 14773 15006 15145 15892 16121 16945 17038 
17426 17426 17426 17426 17426 17675 18739 18759 
18759 18759 18759 18759 19171 19267 19631 19719 
19719 19719 19719 19719 20037 22191 22708 22929 
23287 23661 24088 24088 24088 24088 24088 24376 
24399 24630 25548 25667 26782 26928 26968 27451 
27530 28254 28707 29348 31324 31673 32393 32666 
37908 40936 41971 41971 41971 41971 42233 46645 
50224 51003 56543 62875 68727 85294 

Number of elements: 78
Mean: 26182.5
Median: 23108.0
Mode: 14773
Reverse 32:
85294 68727 62875 56543 51003 50224 46645 42233 
41971 41971 41971 41971 40936 37908 32666 32393 
31673 31324 29348 28707 28254 27530 27451 26968 
26928 26782 25667 25548 24630 24399 24376 24088 
